[1, 1] 3
[1, 1, 1] 11
[1, 1, 1, 1] 25
[1, 1, 1, 1, 1] 137
[1, 1, 1, 1, 1, 0] 137
[1, 1, 1, 1, 1, 0, 1] 1019
[1, 1, 1, 1, 1, 0, 1, 1] 2143
[1, 1, 1, 1, 1, 1, 1, 1, 1] 7129
[1, 1, 1, 1, 1, 1, 1, 1, 1, 1] 7381
[1, 1, 1, 1, 1, 1, 1, 1, 1, 1, 1] 83711
[1, 1, 1, 1, 1, 1, 1, 1, 1, 1, 1, 1] 86021
[1, 1, 1, 1, 1, 1, 1, 1, 1, 1, 1, 1, 1] 1145993
[1, 1, 1, 1, 1, 1, 1, 1, 1, 1, 1, 1, 1, 1] 1171733
[1, 1, 1, 1, 1, 1, 1, 1, 1, 1, 1, 1, 1, 1, 1] 1195757
[1, 1, 1, 1, 1, 1, 1, 1, 1, 1, 1, 1, 1, 1, 1, 1] 2436559
[1, 1, 1, 1, 1, 1, 1, 1, 1, 1, 1, 1, 1, 1, 1, 1, 1] 42142223
[1, 1, 1, 1, 1, 1, 1, 1, 1, 1, 1, 1, 1, 1, 1, 1, 1, 0] 42142223
[1, 1, 1, 1, 1, 1, 1, 1, 1, 1, 1, 1, 1, 1, 1, 1, 1, 0, 1] 812954477
[1, 1, 1, 1, 1, 1, 1, 1, 1, 1, 1, 1, 1, 1, 1, 1, 1, 0, 1, 0] 812954477
[1, 1, 1, 1, 1, 1, 1, 1, 1, 1, 1, 1, 1, 1, 1, 1, 1, 0, 1, 0, 1] 824039837
[1, 1, 1, 1, 1, 1, 1, 1, 1, 1, 1, 1, 1, 1, 1, 1, 1, 0, 1, 0, 1, 1] 834621317
[1, 1, 1, 1, 1, 1, 1, 1, 1, 1, 1, 1, 1, 1, 1, 1, 1, 0, 1, 0, 1, 1, 1] 19429082851
[1, 1, 1, 1, 1, 1, 1, 1, 1, 1, 1, 1, 1, 1, 1, 1, 1, 0, 1, 0, 1, 1, 1, 1] 19652175721
[1, 1, 1, 1, 1, 1, 1, 1, 1, 1, 1, 1, 1, 1, 1, 1, 1, 0, 1, 1, 1, 1, 1, 1, 1] 100670281601
^C

real	1814m19.893s
user	1807m12.422s
sys	1m56.680s
